Addition:		0.0148446 seconds
Multiplication:	4.44867 seconds
Division:		3.35979 seconds
1000!:			0.115523 seconds
2^(2000):		0.0069685 seconds
